11,15,000000121000000000000002000000000012101210000000020202000000001210121010100002000200020200121010101212121200020002000202121212121010101000000000020002000000000012121
5,6,000010000020001210002020121012
5,5,0012100202121012000010000
9,13,121010100000020202020000001012101010000200000202000012121212101000000200020200000000001212100000000200000000001210000
7,7,1212121000000212121012000002121212120000021012121
14,9,000020000000010000000020000000012121000020000000010000000020000000010000000020000001210000002020000121000000202000000101000000
7,13,0012121212121002000200000212121010121212000202000000101210000000020000000000001212100000000
11,11,0000001210000000000200000012101000000200020012101212100002000002000012121212100200000200001012100000020002000000121210000
5,7,00001210000002121212120002001210000
9,9,121212100200000000101210000200020000121212121200000002100000001000000002000000001
10,7,1012121202000012121210020000121210000200000010000002000000100000020000
8,5,0000100002121210000200001000020000100002
11,11,1212100000020002000000001212100000000002000000000012100000000002000000001212100000020000000012100000000200000000001000000
9,6,121000002000001000002000001000002000001212002020001010
10,5,00002121210020012101200021010120202121210000200001
13,11,12100000000200000000001212100000000002000000121212100002000200000010121012120002000200000010121212100202000000001210000000020000000002100000000
17,7,12100000020000001000000200000010000002000000101010020202001212100200021012100202000010100002020000121000020000001000000
11,5,1000020000121212000010121202001210020200101002020010100
15,7,000012100000020000121000000200001210000002000010100002021210121202020210121010020202001010100202000010100
11,9,121210000200020000121010100000020200001210100002000200001212100002000000001212121000020000000012120
8,4,00120020121020201010202010102000
5,5,1212120202101012000210000
9,3,121200121200121202101200100
9,11,001210000000020200000000101000000002020000001210100000000002000000121212121000000002000000121212121
7,7,0010101002020210101212020200101210020200001210000
7,5,00001000020000100002121212000010000
11,13,00001212100000000200020000001210101010000202020202001210101010100202020202020010101012121000000002020200000000101012100000020202000000001010100
9,7,000012100002020010101002020210101012020200121210020202001010100
9,7,121210000002000212121000000200000010000002001212100200000010000
9,7,121210000002000012121000000212121212020200001010000202000010100
8,4,12122000101020201210002000100020
5,11,0000121000000002000000001212121210020000000012121210000
7,5,10000202001010020200121210000200001
9,13,000001210000000000002000000000012101000000002000200000000121210100000020000020000121212121000020000000002121212121212
9,8,000000200000001000000020101012122020202010101010202020001212100000002000
7,14,00012121210100000000000202000121212121010000000200000200212121012121210000020200000000000121000000
7,12,001000000000002000000000001000000010202000000020121212100010000000200020000000121212
7,11,00001210000000020200000012101212100000020200001212101210000000020012121212121
7,9,000010000000020000000012100000000200121212121200000202121210100
11,13,00000000101000000000020200000000001010000000000202001212121212120200000200000010121010121212020200020000101012121210020200000000001210000000000
10,12,010000000000020000000000212121210000000000020000000000012121000000020000000000012121000000020000000000010000000000020000
15,11,000012100000000002000000001210000000000200000000121212100000020000000012101210000200020000121212100000000200001212121000000002000000000010000000000200000000001000000
4,8,10101010202020201212121220000000
15,9,121212100200000200121000121000000202000000101000000002000000121000000200001212121002000000121000000202000000101000000200000000100000000
13,19,0000000000001212100000000000000002020012121012121212101012000202000002000202100012101212100012120000000002000002001000121212100002100000020202000000000000001010100000000000000000020000000000000000121000000000000000000200000000000000000010000000000
11,13,00121210100002000002020000121212121010000000000202000000000012121000000002000000000000100000000000020000000000001000000000000200000000000010000
7,13,0000121212121000020000000200101210000010020200000002121210000000100002000000021212100000121
8,7,00000010000002000012100002020012101002000012100002000000
10,5,12100202001012100002121212020210101202001010020000
9,7,000012100000020000121000020000001000000200121210000002000012100
11,4,21210202010100020121020001000200010002000100
8,7,00100000020000001000100200021210001002000200121210000002
11,13,00001010000000000202000000001212100000000202000000000010100000000002020200000000101010000000020202000000121010100000000202020000000010121212121
5,7,12121000000200121212120000021000000
7,14,21212121212121000000000002000001212121210000000000020000000121212121210000000200000000000121212100
23,13,00121210000000020002000000121012100000000002000000000012121000000002000200000002101212121000000200020000000000001000000000000200000000000010000000000002000000000000100000000000020000000012121000000002000000000000121000000000020000000000001212121210000000020000000000001000000000000200000000000010000
9,15,000002121212100000000200000200000000101210100000000202000200000000101212100000000202000200121212101010100000000202020200000000101210121
9,18,000000012121212121000000000200000000000000000121212100000000000200000000000000000121210000000000000202000000212121212101212121000000000002000002000000000000000001
11,11,0000100000100002000002001210001210020000000212101212121200020000001010121212120202020002101210101012020202020212101010121
12,5,121212000210121200001012120202101012000212121200001212100002
11,8,0000000100000002000101010002020200010121000202000001210000020000212100000200000001000000
9,13,100000001212120000000200001000121212121200020000000010001000000002000200000000100012121210020000000002001212121212100
11,7,20000001010100202020012121010020002001210100002020000121000000200000010000002
3,9,000012121000000002121212121
17,10,00000012100000002000000012100000002000000000100000000020000012121000000000200000121210000000002000000000100000000020000012121000000000200000000010000000002000000000121212
9,11,000000000010000000000212121212121000000202000000001010000000000200000000001000000000020000000000100
9,11,000000000010000000020200121210101000020202021212101212120202020000101010000002000000000010000000000
12,5,001210000212121000021212100002121212000010000200001000020000
8,5,1212120202101002020010100200001212120000
13,5,12121200001212120000121212000010000200001000020000100002000012121
17,9,001010000002020000001010100002020200001212121000000200001212100000000200121212121000000200000000120000000200001212101002020202001010101002020202001010121
9,10,000001012100000202020001010101000202020021212121000000000200000000010000000002000000000100
7,15,000000001012121000000002020000000000001010101000000002020202121212101010121200000202020202100000121212101
11,9,000010000000020000000010000000020000000210000000020000000012121000020000000010000000020000121210000
9,5,121002020010121000020012100200001210000200121
8,8,0002000000010000000200002121212100020200010101210202000001210000
4,11,00000000002121212121210020000000200100000001
10,5,12121200001212100002121212000012121000020000100002
5,7,12121212000002101210120002021212100
5,7,00121010020202001010100200021212121
5,15,121210000000101202020000000202101012121212121000020202000002000010101012121
7,15,121012121000000002020002000000001012101000000002000002000000121212121212121000000002000200000212121000100
9,11,001212121210000200000000121212121000000000021212101212100002020000000010100000000202000000001210000
7,12,010101212100020202000000212121000000020000000000012121212121000002000200000121000100
8,13,00002000000001212121212121000000000020000001210121000000202020000001210121000000002000000000000100000000
9,9,000002121000000002000000121000000200100012100200020200121210100200000000100000000
7,11,00121212121002020000001010100000020202000000101010000002000200000012121000000
9,11,000000000010000000000200001212121000020000000000121210000002000000000010000000000200000012121000000
6,7,000000200000010000002121212100002000012100
14,7,00000010000002000000100000020000001000000212121212000000100000020000001000000200000010000002000000
13,6,000010000020000010000020001212002020001010002020001010000020000010000020121210
9,18,000000121212121000000000200000202000000010101210101212000020202000000020121212101210000010202020002000000020101012121000000010000000202000000020000000101000000000
9,13,001212101000000200020200000010121212100002000202020012101210101000000200000200101010121210020202000002001212100000121
5,8,0000001200000020000000100000002012121210
6,5,001010020212121200001212120000
13,9,000000100000000200000000100000000200000012100000000200001212100002000000121212121000000002000012121000020200000010100
9,7,120000020000001212121200000012121002000000121000020000001000000
5,11,1210000000000200000000001212121210000200020000001000100
11,13,00001212000000000002000000121012100000020202000000001012121212121002020002000000101012101000000202020200000010101210000000020200000000001010000
